-981 -785 -384 594
-622 -446 -309 224
-836 -748 579 589
454 -320 911 122
-916 -944 -579 456
-952 -187 687 9
-518 482 -282 624
-858 -818 -228 -567
115 -646 880 568
-565 -627 -334 303
-558 105 903 838
184 -850 686 -771
-277 163 691 315
-821 -620 -115 760
578 394 888 437
-314 -715 38 276
-176 -333 455 279
-796 -915 767 -491
-976 -258 -472 332
428 -572 499 274
-468 -742 777 164
-842 -338 460 338
-142 -651 444 -541
-288 -264 167 691
530 -921 895 248
-25 -750 286 641
-468 -595 -422 -411
162 -282 775 716
-890 -286 -363 701
-239 -610 -155 -8
-756 -501 835 -74
-77 199 483 305
-836 -127 -556 890
-605 -352 417 519
-378 -790 390 -496
-265 -92 -186 584
-964 326 501 453
191 -528 302 42
159 -933 257 -754
684 -878 896 -790
296 -574 971 774
-859 289 571 986
-436 -655 938 149
-30 196 696 846
-871 244 604 844
257 -807 734 -319
-143 -408 325 769
-918 -479 -156 185
-263 55 342 781
-146 -875 446 -806
